
217159
220267
212563
207863
208025
208449
208449
209400
022315
207956
208620
090962
020204
220460
050718
022556
219997
070772
217677
207960
207960
207960
214494
215624
215624
218303
218675
219603
216808
207399
220281
202100
202100
202100
016733
018342
214679
214679
205426
205426
205426
219814
215406
022580
205122
050573
050574
050625
218459
761105
761262
214958
219395
020505
020844
020844
201635
087954
087955
203214
213082
208246
218851
070765
070765
070766
070766
219318
210951
220239
077369
203072
050406
218472
220323
219954
761342
761291
209090
005939
215864
208105
208105
220232
219159
220124
065222
065222
065222
065222
065222
065222
065314
065314
065314
065314
065314
205699
206987
207110
207760
209324
209742
213154
213981
219602
078190
078190
021290
209279
203341
217729
220091
212211
021140
070772
209143
078539
219556
218427
218469
218469